0.1570037488096647
0.09531017980432493
0.25464221837358075
0.7178397931503168
0.0769610411361284
0.25464221837358075
0.131028262406404
0.058268908123975824
0.33361100434018065
0.23901690047049992
0.6486726904581158
0.16551443847757333
0.17395330712343798
0.10436001532424286
0.04879016416943205
0.04879016416943205
0.3987761199573678
0.5306282510621704
0.06765864847381486
0.5306282510621704
0.22314355131420976
0.11332868530700327
0.20701416938432612
0.4054651081081644
0.14842000511827322
0.13976194237515863
0.04879016416943205
0.494696241836107
0.28517894223366247
0.08617769624105241
0.18631357806349216
0.2151113796169455
0.09531017980432493
0.04879016416943205
0.06765864847381486
0.45107561936021673
0.1570037488096647
0.2151113796169455
0.43113285485674213
0.2468600779315258
0.08617769624105241
0.08617769624105241
0.058268908123975824
0.131028262406404
0.28517894223366247
0.25464221837358075
0.09531017980432493
0.3148107398400336
0.23901690047049992
0.26236426446749106
0.30010459245033816
0.37843643572024505
0.04879016416943205
0.058268908123975824
0.0769610411361284
0.03922071315328133
0.23111172096338664
0.12221763272424911
0.2468600779315258
0.647626665258136
0.058268908123975824
0.06765864847381486
0.3618614706260324
0.3074846997479607
0.23111172096338664
0.08617769624105241
0.09531017980432493
0.2468600779315258
0.058268908123975824
0.04879016416943205
0.8197798314933114
0.04879016416943205
0.6830968447064438
0.058268908123975824
0.06765864847381486
0.3576744442718159
0.5247285289349821
0.04879016416943205
1.1939224684724346
0.3343270802748248
0.058268908123975824
0.5721088521828892
0.2468600779315258
0.371563556432483
0.5247285289349821
0.12221763272424911
0.11332868530700327
0.12221763272424911
0.058268908123975824
0.5007752879124892
0.3074846997479607
0.14842000511827322
0.14842000511827322
0.3074846997479607
0.1570037488096647
0.13976194237515863
0.131028262406404
0.0769610411361284
0.058268908123975824
0.09531017980432493
0.23901690047049992
0.09531017980432493
0.371563556432483
0.35065687161316933
0.17395330712343798
0.16551443847757333
0.5481214085096876
0.4631048875545789
0.19844093867383794
0.10436001532424286
0.8122626614501074
0.04879016416943205
0.0769610411361284
0.44628710262841953
0.0769610411361284
0.7839015438284094
0.08617769624105241
0.3148107398400336
0.5128236264286637
0.3541718137206139
0.06765864847381486
0.08617769624105241
0.04879016416943205
0.11332868530700327
0.27763173659827955
0.0769610411361284
0.0769610411361284
0.3074846997479607
0.28517894223366247
0.22314355131420976
0.058268908123975824
